{"nbformat":4,"nbformat_minor":0,"metadata":{"colab":{"name":"TASK__12.ipynb","provenance":[{"file_id":"1YmQHCssWixSDfPNnI2dAJ4O-OqFjiGcf","timestamp":1624806921347}],"collapsed_sections":[]},"kernelspec":{"name":"python3","display_name":"Python 3"},"language_info":{"name":"python"}},"cells":[{"cell_type":"markdown","metadata":{"id":"i9LeFsII-SAQ"},"source":["1. Create an 4x4 array with elements ranging from 0-15. And find the trace of the array."]},{"cell_type":"code","metadata":{"id":"eT1ymGjZ-pOZ","colab":{"base_uri":"https://localhost:8080/"},"executionInfo":{"status":"ok","timestamp":1624807299477,"user_tz":-330,"elapsed":451,"user":{"displayName":"Nihad","photoUrl":"https://lh3.googleusercontent.com/a-/AOh14GhYLo0zx-uX5EjXZnEX41DJkHxSzUapk6P__Q2iOg=s64","userId":"11516115252262446876"}},"outputId":"665e4ea7-67e5-4311-ac6f-840cde8e8ef5"},"source":["import numpy as np\n","a=np.arange(0,16).reshape(4,4)\n","print(a,'\\n')\n","b=np.trace(a)\n","print(\"Trace \\n\",b)"],"execution_count":3,"outputs":[{"output_type":"stream","text":["[[ 0  1  2  3]\n"," [ 4  5  6  7]\n"," [ 8  9 10 11]\n"," [12 13 14 15]] \n","\n","Trace \n"," 30\n"],"name":"stdout"}]},{"cell_type":"markdown","metadata":{"id":"Hw69FYds-zww"},"source":["2. Create a matrix with elements [6,1,1],[4,-2,5],[2,8,7].Now find the inverse this matrix."]},{"cell_type":"code","metadata":{"id":"IAhA-qIwAoxs","colab":{"base_uri":"https://localhost:8080/"},"executionInfo":{"status":"ok","timestamp":1624807403974,"user_tz":-330,"elapsed":570,"user":{"displayName":"Nihad","photoUrl":"https://lh3.googleusercontent.com/a-/AOh14GhYLo0zx-uX5EjXZnEX41DJkHxSzUapk6P__Q2iOg=s64","userId":"11516115252262446876"}},"outputId":"b1738191-32a1-4ad3-b9d0-fa51005a489a"},"source":[" import numpy as np\n","a=np.array([[6,1,1],[4,-2,5],[2,8,7]])\n","b=np.linalg.inv(a)\n","print(\"Matrix \\n\",a,'\\n')\n","print(\"Inverse\\n\",b)"],"execution_count":4,"outputs":[{"output_type":"stream","text":["Matrix \n"," [[ 6  1  1]\n"," [ 4 -2  5]\n"," [ 2  8  7]] \n","\n","Inverse\n"," [[ 0.17647059 -0.00326797 -0.02287582]\n"," [ 0.05882353 -0.13071895  0.08496732]\n"," [-0.11764706  0.1503268   0.05228758]]\n"],"name":"stdout"}]},{"cell_type":"markdown","metadata":{"id":"6B6aJDFKAz0B"},"source":["3. Create an 3x3 array with elements ranging from 0-8. And find the norm this array."]},{"cell_type":"code","metadata":{"id":"49RVb-g3CXSk","colab":{"base_uri":"https://localhost:8080/"},"executionInfo":{"status":"ok","timestamp":1624807654121,"user_tz":-330,"elapsed":865,"user":{"displayName":"Nihad","photoUrl":"https://lh3.googleusercontent.com/a-/AOh14GhYLo0zx-uX5EjXZnEX41DJkHxSzUapk6P__Q2iOg=s64","userId":"11516115252262446876"}},"outputId":"43d54207-bdd9-493d-d653-c7e5de6f4b9d"},"source":["import numpy as np\n","a = np.arange(0,9).reshape(3,3)\n","print(\"Matrix\\n\",a)\n"," \n","b = np.linalg.norm(a)\n","print(b)"],"execution_count":9,"outputs":[{"output_type":"stream","text":["Matrix\n"," [[0 1 2]\n"," [3 4 5]\n"," [6 7 8]]\n","14.2828568570857\n"],"name":"stdout"}]},{"cell_type":"markdown","metadata":{"id":"pGKEu4lxDCJK"},"source":["4. Create a 4x4 array whose value ranging from 0-15.And find the eigenvalues and eigenvectors of this array."]},{"cell_type":"code","metadata":{"id":"dyymkid0DTth","colab":{"base_uri":"https://localhost:8080/"},"executionInfo":{"status":"ok","timestamp":1624808002462,"user_tz":-330,"elapsed":1981,"user":{"displayName":"Nihad","photoUrl":"https://lh3.googleusercontent.com/a-/AOh14GhYLo0zx-uX5EjXZnEX41DJkHxSzUapk6P__Q2iOg=s64","userId":"11516115252262446876"}},"outputId":"a6d2a44a-d8ef-49a4-9e74-c6ef81b645ab"},"source":[" \n","import numpy as np\n","a = np.arange(0,16).reshape(4,4)\n","print(a,'\\n')\n","b,c = np.linalg.eigh(a)\n","print(\"Eigen value \\n\",b)\n","print(\"Eigen vector \\n\",c)"],"execution_count":11,"outputs":[{"output_type":"stream","text":["[[ 0  1  2  3]\n"," [ 4  5  6  7]\n"," [ 8  9 10 11]\n"," [12 13 14 15]] \n","\n","Eigen value \n"," [-7.88842207 -1.53094559 -0.88747289 40.30684055]\n","Eigen vector \n"," [[-0.73212044  0.52341561 -0.27040675  0.34192975]\n"," [-0.39275551 -0.4753737   0.6686536   0.41553018]\n"," [ 0.095976   -0.54263343 -0.65259262  0.52005812]\n"," [ 0.54820742  0.45343678  0.23217543  0.6632935 ]]\n"],"name":"stdout"}]}]}